$ANSIBLE_VAULT;1.1;AES256
38303166396361323238363061656135336336626139373530376535626264363330633739663062
6362393238363333376566303063613234643335356634390a326131343266353966383362376633
39613161666536626664643231613736313464363465353863313933396362633139396361326335
3138653132393636630a323165336535663435663935316462303562323130643739646135393861
31323039616238616231386662363731326636356634356566353130623965623333306663666637
38343666353133643133356132663938366665613130626231666633356430613936653834626664
35616434346137626635343165623331386635306165343063623333386639366234646237613135
31343132616138356639366263376135623064346334336461393134316430626636643838366463
30363430396263383639336664366633383339636566343138663437643537653565343266386564
63353432356230303939636237316134386332626239386663646337333561386135346664393634
36336331343037643864666530636532393933646337393039663230616163343934356438316264
61376466636639613466633133336537396231323431643034653037333163646334643339393434
65623437373938363034336163356263323865316565353633313736393764353165396261643734
62316532353733616631323561303762633664393638306132313833373135643139666362653938
32303363616163666332356139333830366361393235613939316231663935306133383361373635
66383161636463353865386538306332666139653264306432386632393733343564623761656534
30393361376264643264373130333266663634616331643063313934633464613436323135383565
31346639656265663531656335303161323963316261656638373866313464366338623166613064
30636666316133393464373131393465396662333037386266646138323266303766303561666539
62306537613138373861393039366432626530363362616535343933363366656336383639643862
66383437373731306564343466633831353438616136633733383166356635393134656663393830
65666330306530656361326537396632366264626634346162356361623866633730663763643636
30306630633630353066316330326235623436356366313332393637313830616432376431353966
63363538343662303532346533306432393130313532623238333730636432343932613232616630
31633435616432343364303336616264353962636531366630343961326162383334333333666131
32613039316466643939333430336166633865393538343864626134626564393337373432343562
30326562373138626366343535386631386234353139323866376330626237653532303236643130
36623333386261323534
